C(pF)\tPressure(bar)\tTemp(mK)\tTime(sec)\r\n1.81329999999999990000E+1	3.43509836540646060000E+1	2.13196161296218630000E+0	3.53703796150799990000E+9
1.81328000000000000000E+1	3.43506602893994000000E+1	2.14103645272552970000E+0	3.53703797650799990000E+9
1.81328000000000000000E+1	3.43506602893994000000E+1	2.14103645272552970000E+0	3.53703799152299980000E+9
1.81329999999999990000E+1	3.43509836540646060000E+1	2.13196161296218630000E+0	3.53703800652299980000E+9
1.81337000000000010000E+1	3.43521153687129870000E+1	2.10013572778552770000E+0	3.53703802152299980000E+9
1.81337000000000010000E+1	3.43521153687129870000E+1	2.10013572778552770000E+0	3.53703803652299980000E+9
1.81337000000000010000E+1	3.43521153687129870000E+1	2.10013572778552770000E+0	3.53703805152299980000E+9
1.81330999999999990000E+1	3.43511453334599540000E+1	2.12742117978632450000E+0	3.53703806652299980000E+9
1.81332999999999980000E+1	3.43514686863764210000E+1	2.11833423189818860000E+0	3.53703808152299980000E+9
1.81337000000000010000E+1	3.43521153687129870000E+1	2.10013572778552770000E+0	3.53703809652299980000E+9
1.81343999999999990000E+1	3.43532469874234610000E+1	2.06820767465978860000E+0	3.53703811152299980000E+9
1.81343000000000000000E+1	3.43530853334810330000E+1	2.07277521397918460000E+0	3.53703812652299980000E+9
1.81339000000000010000E+1	3.43524386981336530000E+1	2.09102400578558440000E+0	3.53703814152299980000E+9
1.81343000000000000000E+1	3.43530853334810330000E+1	2.07277521397918460000E+0	3.53703815652299980000E+9
1.81344999999999990000E+1	3.43534086394082860000E+1	2.06363797746598720000E+0	3.53703817152299980000E+9
1.81341000000000000000E+1	3.43527620197228880000E+1	2.08190386276692150000E+0	3.53703818652299980000E+9
1.81350000000000020000E+1	3.43542168699680420000E+1	2.04075677879154680000E+0	3.53703820152299980000E+9
1.81350000000000020000E+1	3.43542168699680420000E+1	2.04075677879154680000E+0	3.53703821652299980000E+9
1.81354000000000010000E+1	3.43548634191808160000E+1	2.02241194434463980000E+0	3.53703823152299980000E+9
1.81352000000000010000E+1	3.43545401484892640000E+1	2.03158884029835460000E+0	3.53703824652299980000E+9
1.81358000000000000000E+1	3.43555099370759080000E+1	2.00403095129877330000E+0	3.53703826153900000000E+9
1.81352000000000010000E+1	3.43545401484892640000E+1	2.03158884029835460000E+0	3.53703827653900000000E+9
1.81352000000000010000E+1	3.43545401484892640000E+1	2.03158884029835460000E+0	3.53703829153900000000E+9
1.81358000000000000000E+1	3.43555099370759080000E+1	2.00403095129877330000E+0	3.53703830653900000000E+9
1.81358000000000000000E+1	3.43555099370759080000E+1	2.00403095129877330000E+0	3.53703832153900000000E+9
1.81354000000000010000E+1	3.43548634191808160000E+1	2.02241194434463980000E+0	3.53703833653900000000E+9
1.81360999999999990000E+1	3.43559948049462780000E+1	1.99022108037024740000E+0	3.53703835153900000000E+9
1.81362999999999990000E+1	3.43563180404074730000E+1	1.98100285977125170000E+0	3.53703836653900000000E+9
1.81358999999999990000E+1	3.43556715616565500000E+1	1.99942997563630340000E+0	3.53703838153900000000E+9
1.81367000000000010000E+1	3.43569644878454310000E+1	1.96253810543566940000E+0	3.53703839653900000000E+9
1.81358999999999990000E+1	3.43556715616565500000E+1	1.99942997563630340000E+0	3.53703841153900000000E+9
1.81360999999999990000E+1	3.43559948049462780000E+1	1.99022108037024740000E+0	3.53703842653900000000E+9
1.81365000000000020000E+1	3.43566412680404480000E+1	1.97177522722631690000E+0	3.53703844153900000000E+9
1.81365000000000020000E+1	3.43566412680404480000E+1	1.97177522722631690000E+0	3.53703845653900000000E+9
1.81365000000000020000E+1	3.43566412680404480000E+1	1.97177522722631690000E+0	3.53703847153900000000E+9
1.81372000000000000000E+1	3.43577725031122440000E+1	1.93940323032438750000E+0	3.53703848653900000000E+9
1.81362999999999990000E+1	3.43563180404074730000E+1	1.98100285977125170000E+0	3.53703850153900000000E+9
1.81365000000000020000E+1	3.43566412680404480000E+1	1.97177522722631690000E+0	3.53703851653900000000E+9
1.81375999999999990000E+1	3.43584188801036700000E+1	1.92085138615220780000E+0	3.53703853153900000000E+9
1.81375999999999990000E+1	3.43584188801036700000E+1	1.92085138615220780000E+0	3.53703854653900000000E+9
1.81375999999999990000E+1	3.43584188801036700000E+1	1.92085138615220780000E+0	3.53703856153900000000E+9
1.81375999999999990000E+1	3.43584188801036700000E+1	1.92085138615220780000E+0	3.53703857653900000000E+9
1.81384000000000010000E+1	3.43597115401702810000E+1	1.88362771552056070000E+0	3.53703859153900000000E+9
1.81382000000000010000E+1	3.43593883868925050000E+1	1.89294883608818050000E+0	3.53703860653900000000E+9
1.81382000000000010000E+1	3.43593883868925050000E+1	1.89294883608818050000E+0	3.53703862153900000000E+9
1.81380000000000020000E+1	3.43590652257890100000E+1	1.90225976612418890000E+0	3.53703863653900000000E+9
1.81378999999999980000E+1	3.43589036423024940000E+1	1.90691143553704020000E+0	3.53703865153900000000E+9
1.81381000000000010000E+1	3.43592268073190330000E+1	1.89760556910187010000E+0	3.53703866653900000000E+9
1.81377999999999990000E+1	3.43587420568594550000E+1	1.91156058944761750000E+0	3.53703868153900000000E+9
1.81382000000000010000E+1	3.43593883868925050000E+1	1.89294883608818050000E+0	3.53703869653900000000E+9
1.81382000000000010000E+1	3.43593883868925050000E+1	1.89294883608818050000E+0	3.53703871153900000000E+9
1.81389000000000000000E+1	3.43605193891288250000E+1	1.86027979385107760000E+0	3.53703872653900000000E+9
1.81382000000000010000E+1	3.43593883868925050000E+1	1.89294883608818050000E+0	3.53703874153900000000E+9
1.81387000000000000000E+1	3.43601962554142520000E+1	1.86962674837559460000E+0	3.53703875653900000000E+9
1.81380000000000020000E+1	3.43590652257890100000E+1	1.90225976612418890000E+0	3.53703877153900000000E+9
1.81384000000000010000E+1	3.43597115401702810000E+1	1.88362771552056070000E+0	3.53703878653900000000E+9
